1 1 1 1 1 1 1 1 1 1 1 1 1 1 1 1 1 1 1 1 1 1 1 1 1 1 1 1 1 1
1 0 0 0 0 0 0 0 0 0 0 0 0 1 0 0 0 0 0 0 0 0 0 0 0 0 0 0 0 1
1 0 1 1 1 1 1 1 1 1 1 1 0 1 1 1 1 1 0 1 1 1 1 1 1 1 1 1 0 1
1 0 1 0 0 0 0 1 0 1 1 1 0 1 0 1 0 0 0 1 1 0 0 0 1 1 1 1 0 1
1 0 0 0 10 11 0 1 0 1 1 0 0 1 0 0 0 1 0 1 1 0 1 0 0 0 0 1 0 1
1 1 1 0 12 13 0 1 0 1 1 0 1 1 0 1 0 1 0 1 1 0 1 1 1 1 0 1 0 1
1 0 1 0 0 0 0 1 0 1 1 0 0 0 0 1 0 0 0 1 1 0 0 0 0 0 0 1 0 1
1 0 1 1 1 1 1 1 0 1 1 1 1 1 1 1 1 1 0 1 1 1 1 0 1 1 1 1 0 1
1 0 0 0 0 0 0 0 0 0 0 0 0 0 0 0 0 0 0 0 0 0 0 0 0 0 0 0 0 1
1 1 1 1 1 1 1 1 1 1 1 1 1 1 1 1 1 1 1 1 1 1 1 1 6 7 1 1 1 1
1 1 1 1 1 1 1 1 1 1 1 1 1 1 1 1 1 1 1 1 1 1 1 1 8 9 1 1 1 1
1 0 0 0 0 0 0 0 0 1 1 1 0 0 0 1 0 1 0 0 0 0 0 0 0 0 0 0 0 1
1 0 0 0 0 0 0 1 0 1 1 0 0 1 0 0 0 1 0 1 1 1 1 1 1 1 1 1 1 1
1 0 1 1 1 1 1 1 0 1 1 1 1 1 1 1 0 1 0 1 1 0 0 0 0 1 0 0 0 1
1 0 1 18 19 0 0 0 0 14 15 0 0 0 0 0 0 0 0 1 1 1 0 1 0 1 0 1 0 1
1 0 1 20 21 0 0 0 0 16 17 0 0 0 0 0 0 0 0 1 1 0 0 1 0 1 0 1 0 1
1 0 1 1 1 1 1 1 0 1 1 1 1 1 1 1 0 1 0 1 1 0 1 1 0 0 0 1 0 1
1 0 0 0 0 0 0 1 0 1 1 1 0 0 0 1 0 1 0 1 1 0 0 1 1 1 1 1 0 1
1 0 0 0 0 0 0 1 0 1 1 0 0 1 0 0 0 1 0 0 0 0 0 0 0 0 0 1 0 1
1 1 1 1 1 1 1 1 1 1 1 1 1 1 1 1 1 1 1 1 1 1 1 1 1 1 0 1 0 1
1 1 1 1 1 1 1 1 1 1 1 1 1 1 1 1 1 1 1 1 1 1 1 1 1 1 0 1 0 1
1 0 1 0 0 0 0 0 0 0 1 1 0 0 0 1 0 0 0 1 1 0 0 0 0 1 0 1 0 1
1 0 1 0 1 1 1 1 1 0 0 1 0 1 0 1 0 1 0 1 1 0 1 1 0 1 0 1 0 1
1 0 1 0 0 0 0 1 1 1 0 1 0 1 0 1 0 1 0 1 1 0 1 1 0 1 0 1 0 1
1 0 1 0 2 3 0 1 1 1 0 1 0 1 0 1 0 1 0 1 1 0 1 0 0 1 0 1 0 1
1 0 1 0 4 5 0 1 1 1 0 0 0 1 0 0 0 1 0 1 1 0 1 1 1 1 0 1 0 1
1 0 1 0 0 0 0 1 1 1 1 1 1 1 1 1 1 1 0 1 1 0 0 0 0 0 0 1 0 1
1 0 1 1 1 1 1 1 0 0 0 0 1 1 1 1 0 0 0 1 1 1 1 1 1 1 1 1 0 1
1 0 0 0 0 0 0 0 0 1 1 0 0 0 0 0 0 1 0 0 0 0 0 0 0 0 0 0 0 1
1 1 1 1 1 1 1 1 1 1 1 1 1 1 1 1 1 1 1 1 1 1 1 1 1 1 1 1 1 1